76,52
76,51
76,50
76,49
76,48
76,47
76,46
76,45
76,44
76,43
76,42
76,41
76,40
76,39
76,38
76,37
76,36
76,35
8,6
8,17
8,12
8,1
8,16
8,2
8,3
12,2
12,1
12,3
20,2
20,1
20,3
19,2
19,1
19,3
72,433
72,432
72,431
72,430
72,429
72,428
72,427
72,426
72,425
72,424
72,423
72,422
72,421
72,420
72,419
72,418
72,417
72,416
72,415
72,414
72,413
72,412
72,411
72,410
72,409
72,408
72,407
72,406
72,405
72,404
72,403
72,402
72,401
72,400
72,399
72,398
72,397
72,396
72,395
72,394
72,393
72,392
72,391
72,390
72,389
72,388
72,387
72,386
72,385
72,384
72,383
72,382
72,381
72,380
72,379
72,378
72,377
72,376
72,375
72,374
72,373
72,372
72,371
72,370
72,369
72,368
72,367
72,366
72,365
72,364
72,363
72,362
72,361
72,360
72,359
72,358
72,357
72,356
72,355
72,354
72,353
72,352
72,351
72,350
72,349
72,348
72,347
72,346
72,345
72,344
72,343
72,342
72,341
72,340
72,339
72,338
72,337
72,336
72,335
72,334
72,333
72,332
72,331
72,330
72,329
72,328
